33	42	42	45	52	58	65	68	70	68	67	66	62	60	55	51	50	37	39	32	28	26	28	21	18	18	18	17	20	20	21	0	0
42	46	45	56	66	65	71	64	83	80	75	70	70	64	59	61	55	50	43	42	35	26	29	23	24	22	22	24	25	23	22	0	0
46	51	55	69	77	79	85	79	86	77	84	89	82	80	82	74	62	62	45	49	48	39	34	23	32	25	22	25	26	23	22	0	0
52	61	70	77	86	94	101	106	104	96	98	100	92	95	104	94	85	79	62	58	51	46	40	30	37	30	27	25	24	23	22	0	0
57	64	79	86	106	120	120	140	138	141	127	120	125	123	116	108	104	93	91	78	68	58	52	49	45	40	33	26	25	25	26	0	0
56	64	84	96	116	127	129	157	165	177	171	169	176	174	163	147	134	112	106	92	92	84	66	59	52	48	42	33	31	31	30	0	0
60	68	86	101	114	125	137	154	172	190	205	213	206	203	206	188	168	158	133	108	109	107	83	71	62	55	46	39	33	32	32	0	0
63	71	84	104	122	145	170	166	151	186	216	226	210	192	192	183	162	192	171	135	126	124	103	93	72	63	51	42	37	34	31	0	0
66	62	77	108	144	200	239	185	133	142	177	201	195	182	170	155	150	173	190	179	153	132	121	112	90	74	65	53	45	43	35	0	0
60	65	77	107	152	195	210	157	137	156	173	168	163	167	165	160	139	150	177	181	176	158	137	121	111	91	73	64	53	42	42	0	0
49	62	68	83	105	119	137	122	151	185	194	168	152	147	137	134	134	136	157	165	183	180	155	134	129	114	88	71	59	47	51	0	0
46	54	67	88	102	107	119	115	146	180	185	158	151	160	161	162	155	143	135	151	192	187	161	161	163	139	106	83	65	55	54	0	0
43	51	68	83	88	108	132	128	129	158	178	171	171	182	180	170	190	204	162	147	174	172	161	185	203	159	120	95	76	60	53	0	0
37	45	70	87	85	107	130	128	116	133	170	194	191	185	177	168	204	252	205	156	158	163	160	183	196	157	126	102	82	69	60	0	0
41	34	47	71	92	119	130	130	110	115	156	198	208	197	176	158	180	215	193	170	168	159	146	160	164	151	136	114	94	79	69	0	0
32	39	42	48	66	97	112	124	111	108	134	174	208	221	193	151	147	169	176	165	154	138	131	143	154	154	148	137	109	81	75	0	0
25	30	42	49	56	74	97	114	106	91	110	154	198	223	206	171	157	156	165	151	149	142	140	137	138	169	164	160	126	96	82	0	0
26	28	37	44	48	59	90	123	114	94	95	122	163	200	200	177	165	160	177	184	175	155	181	199	154	173	174	149	121	101	91	0	0
23	27	30	41	44	44	69	99	92	82	81	94	127	167	182	177	173	182	181	177	184	172	197	203	175	178	189	147	116	93	92	0	0
22	28	23	33	41	38	49	58	61	66	74	82	106	138	155	158	154	168	177	174	173	154	168	173	160	174	173	119	115	94	82	0	0
22	28	20	27	36	37	42	43	48	56	63	67	84	109	122	127	129	137	168	174	164	160	179	185	172	140	125	102	100	86	91	0	0
20	26	24	28	34	33	40	46	44	49	55	57	65	86	99	109	111	115	129	130	138	162	168	162	146	102	101	110	103	105	142	0	0
21	24	28	29	28	30	34	39	39	43	51	54	58	69	82	93	98	102	99	105	119	128	111	117	108	112	109	92	89	87	104	0	0
24	23	26	22	22	28	29	28	33	29	36	43	47	55	60	62	71	75	76	90	99	104	90	102	101	88	85	73	65	65	77	0	0
23	23	20	18	22	24	21	20	28	30	33	36	43	47	52	56	67	60	63	74	85	89	92	92	82	81	70	69	44	61	90	0	0
18	21	20	19	22	24	21	21	23	26	28	32	38	43	48	51	55	51	53	60	69	76	77	74	64	63	51	54	51	68	79	0	0
0	0	0	0	0	0	0	0	0	0	0	0	0	0	0	0	0	0	0	0	0	0	0	0	0	0	0	0	0	0	0	0	0
